%PDF-1.7

1 0 obj
  << >>
endobj

2 0 obj
  << /Length 3 0 R >>
stream
/DeviceRGB CS
/DeviceRGB cs
q
1.000000 0.000000 -0.000000 1.000000 1.000000 1.000000 cm
0.141176 0.141176 0.141176 scn
1.000000 10.500000 m
1.000000 11.880712 2.119288 13.000000 3.500000 13.000000 c
3.776142 13.000000 4.000000 13.223858 4.000000 13.500000 c
4.000000 13.776142 3.776142 14.000000 3.500000 14.000000 c
1.567003 14.000000 0.000000 12.432997 0.000000 10.500000 c
0.000000 10.223858 0.223858 10.000000 0.500000 10.000000 c
0.776142 10.000000 1.000000 10.223858 1.000000 10.500000 c
h
2.000000 9.500000 m
2.000000 10.880713 3.119288 12.000000 4.500000 12.000000 c
9.500000 12.000000 l
10.880712 12.000000 12.000000 10.880712 12.000000 9.500000 c
12.000000 4.500000 l
12.000000 3.119288 10.880712 2.000000 9.500000 2.000000 c
4.500000 2.000000 l
3.119288 2.000000 2.000000 3.119288 2.000000 4.500000 c
2.000000 9.500000 l
h
3.500000 1.000000 m
2.119288 1.000000 1.000000 2.119288 1.000000 3.500000 c
1.000000 3.776142 0.776142 4.000000 0.500000 4.000000 c
0.223858 4.000000 0.000000 3.776142 0.000000 3.500000 c
0.000000 1.567003 1.567003 0.000000 3.500000 0.000000 c
3.776142 0.000000 4.000000 0.223858 4.000000 0.500000 c
4.000000 0.776142 3.776142 1.000000 3.500000 1.000000 c
h
13.000000 10.500000 m
13.000000 11.880712 11.880712 13.000000 10.500000 13.000000 c
10.223858 13.000000 10.000000 13.223858 10.000000 13.500000 c
10.000000 13.776142 10.223858 14.000000 10.500000 14.000000 c
12.432997 14.000000 14.000000 12.432997 14.000000 10.500000 c
14.000000 10.223858 13.776142 10.000000 13.500000 10.000000 c
13.223858 10.000000 13.000000 10.223858 13.000000 10.500000 c
h
10.500000 1.000000 m
11.880712 1.000000 13.000000 2.119288 13.000000 3.500000 c
13.000000 3.776142 13.223858 4.000000 13.500000 4.000000 c
13.776142 4.000000 14.000000 3.776142 14.000000 3.500000 c
14.000000 1.567003 12.432997 0.000000 10.500000 0.000000 c
10.223858 0.000000 10.000000 0.223858 10.000000 0.500000 c
10.000000 0.776142 10.223858 1.000000 10.500000 1.000000 c
h
5.500000 4.820593 m
5.500000 4.570696 5.773631 4.417234 5.986864 4.547543 c
9.246010 6.539243 l
9.590565 6.749805 9.590565 7.250225 9.246009 7.460787 c
5.986864 9.452487 l
5.773631 9.582796 5.500000 9.429335 5.500000 9.179437 c
5.500000 4.820593 l
h
f
n
Q

endstream
endobj

3 0 obj
  2221
endobj

4 0 obj
  << /Annots []
     /Type /Page
     /MediaBox [ 0.000000 0.000000 16.000000 16.000000 ]
     /Resources 1 0 R
     /Contents 2 0 R
     /Parent 5 0 R
  >>
endobj

5 0 obj
  << /Kids [ 4 0 R ]
     /Count 1
     /Type /Pages
  >>
endobj

6 0 obj
  << /Pages 5 0 R
     /Type /Catalog
  >>
endobj

xref
0 7
0000000000 65535 f
0000000010 00000 n
0000000034 00000 n
0000002311 00000 n
0000002334 00000 n
0000002507 00000 n
0000002581 00000 n
trailer
<< /ID [ (some) (id) ]
   /Root 6 0 R
   /Size 7
>>
startxref
2640
%%EOF