%PDF-1.7

1 0 obj
  << >>
endobj

2 0 obj
  << /Length 3 0 R >>
stream
/DeviceRGB CS
/DeviceRGB cs
q
1.000000 0.000000 -0.000000 1.000000 3.000000 3.000000 cm
0.129412 0.129412 0.129412 scn
0.000000 17.250000 m
0.000000 17.664213 0.335786 18.000000 0.750000 18.000000 c
1.164214 18.000000 1.500000 17.664213 1.500000 17.250000 c
1.500000 1.500000 l
17.250000 1.500000 l
17.664213 1.500000 18.000000 1.164213 18.000000 0.750000 c
18.000000 0.335787 17.664213 0.000000 17.250000 0.000000 c
0.750000 0.000000 l
0.335786 0.000000 0.000000 0.335787 0.000000 0.750000 c
0.000000 17.250000 l
h
14.000000 17.000000 m
12.343145 17.000000 11.000000 15.656855 11.000000 14.000000 c
11.000000 12.343145 12.343145 11.000000 14.000000 11.000000 c
15.656855 11.000000 17.000000 12.343145 17.000000 14.000000 c
17.000000 15.656855 15.656855 17.000000 14.000000 17.000000 c
h
12.500000 14.000000 m
12.500000 14.828427 13.171573 15.500000 14.000000 15.500000 c
14.828427 15.500000 15.500000 14.828427 15.500000 14.000000 c
15.500000 13.171573 14.828427 12.500000 14.000000 12.500000 c
13.171573 12.500000 12.500000 13.171573 12.500000 14.000000 c
h
3.000000 12.000000 m
3.000000 13.656855 4.343146 15.000000 6.000000 15.000000 c
7.656854 15.000000 9.000000 13.656855 9.000000 12.000000 c
9.000000 10.343145 7.656854 9.000000 6.000000 9.000000 c
4.343146 9.000000 3.000000 10.343145 3.000000 12.000000 c
h
6.000000 13.500000 m
5.171573 13.500000 4.500000 12.828427 4.500000 12.000000 c
4.500000 11.171573 5.171573 10.500000 6.000000 10.500000 c
6.828427 10.500000 7.500000 11.171573 7.500000 12.000000 c
7.500000 12.828427 6.828427 13.500000 6.000000 13.500000 c
h
12.000000 9.000000 m
10.343145 9.000000 9.000000 7.656855 9.000000 6.000000 c
9.000000 4.343145 10.343145 3.000000 12.000000 3.000000 c
13.656855 3.000000 15.000000 4.343145 15.000000 6.000000 c
15.000000 7.656855 13.656855 9.000000 12.000000 9.000000 c
h
10.500000 6.000000 m
10.500000 6.828427 11.171573 7.500000 12.000000 7.500000 c
12.828427 7.500000 13.500000 6.828427 13.500000 6.000000 c
13.500000 5.171573 12.828427 4.500000 12.000000 4.500000 c
11.171573 4.500000 10.500000 5.171573 10.500000 6.000000 c
h
f
n
Q

endstream
endobj

3 0 obj
  2096
endobj

4 0 obj
  << /Annots []
     /Type /Page
     /MediaBox [ 0.000000 0.000000 24.000000 24.000000 ]
     /Resources 1 0 R
     /Contents 2 0 R
     /Parent 5 0 R
  >>
endobj

5 0 obj
  << /Kids [ 4 0 R ]
     /Count 1
     /Type /Pages
  >>
endobj

6 0 obj
  << /Pages 5 0 R
     /Type /Catalog
  >>
endobj

xref
0 7
0000000000 65535 f
0000000010 00000 n
0000000034 00000 n
0000002186 00000 n
0000002209 00000 n
0000002382 00000 n
0000002456 00000 n
trailer
<< /ID [ (some) (id) ]
   /Root 6 0 R
   /Size 7
>>
startxref
2515
%%EOF