%PDF-1.7

1 0 obj
  << >>
endobj

2 0 obj
  << /Length 3 0 R >>
stream
/DeviceRGB CS
/DeviceRGB cs
q
1.000000 0.000000 -0.000000 1.000000 2.250000 2.250000 cm
0.129412 0.129412 0.129412 scn
3.500000 13.750000 m
3.500000 12.783502 2.716498 12.000000 1.750000 12.000000 c
0.783502 12.000000 0.000000 12.783502 0.000000 13.750000 c
0.000000 14.716498 0.783502 15.500000 1.750000 15.500000 c
2.716498 15.500000 3.500000 14.716498 3.500000 13.750000 c
h
3.500000 7.750000 m
3.500000 6.783502 2.716498 6.000000 1.750000 6.000000 c
0.783502 6.000000 0.000000 6.783502 0.000000 7.750000 c
0.000000 8.716498 0.783502 9.500000 1.750000 9.500000 c
2.716498 9.500000 3.500000 8.716498 3.500000 7.750000 c
h
1.750000 0.000000 m
2.716498 0.000000 3.500000 0.783502 3.500000 1.750000 c
3.500000 2.716498 2.716498 3.500000 1.750000 3.500000 c
0.783502 3.500000 0.000000 2.716498 0.000000 1.750000 c
0.000000 0.783502 0.783502 0.000000 1.750000 0.000000 c
h
9.500000 13.750000 m
9.500000 12.783502 8.716498 12.000000 7.750000 12.000000 c
6.783502 12.000000 6.000000 12.783502 6.000000 13.750000 c
6.000000 14.716498 6.783502 15.500000 7.750000 15.500000 c
8.716498 15.500000 9.500000 14.716498 9.500000 13.750000 c
h
7.750000 6.000000 m
8.716498 6.000000 9.500000 6.783502 9.500000 7.750000 c
9.500000 8.716498 8.716498 9.500000 7.750000 9.500000 c
6.783502 9.500000 6.000000 8.716498 6.000000 7.750000 c
6.000000 6.783502 6.783502 6.000000 7.750000 6.000000 c
h
9.500000 1.750000 m
9.500000 0.783502 8.716498 0.000000 7.750000 0.000000 c
6.783502 0.000000 6.000000 0.783502 6.000000 1.750000 c
6.000000 2.716498 6.783502 3.500000 7.750000 3.500000 c
8.716498 3.500000 9.500000 2.716498 9.500000 1.750000 c
h
13.750000 12.000000 m
14.716498 12.000000 15.500000 12.783502 15.500000 13.750000 c
15.500000 14.716498 14.716498 15.500000 13.750000 15.500000 c
12.783502 15.500000 12.000000 14.716498 12.000000 13.750000 c
12.000000 12.783502 12.783502 12.000000 13.750000 12.000000 c
h
15.500000 7.750000 m
15.500000 6.783502 14.716498 6.000000 13.750000 6.000000 c
12.783502 6.000000 12.000000 6.783502 12.000000 7.750000 c
12.000000 8.716498 12.783502 9.500000 13.750000 9.500000 c
14.716498 9.500000 15.500000 8.716498 15.500000 7.750000 c
h
13.750000 0.000000 m
14.716498 0.000000 15.500000 0.783502 15.500000 1.750000 c
15.500000 2.716498 14.716498 3.500000 13.750000 3.500000 c
12.783502 3.500000 12.000000 2.716498 12.000000 1.750000 c
12.000000 0.783502 12.783502 0.000000 13.750000 0.000000 c
h
f
n
Q

endstream
endobj

3 0 obj
  2417
endobj

4 0 obj
  << /Annots []
     /Type /Page
     /MediaBox [ 0.000000 0.000000 20.000000 20.000000 ]
     /Resources 1 0 R
     /Contents 2 0 R
     /Parent 5 0 R
  >>
endobj

5 0 obj
  << /Kids [ 4 0 R ]
     /Count 1
     /Type /Pages
  >>
endobj

6 0 obj
  << /Pages 5 0 R
     /Type /Catalog
  >>
endobj

xref
0 7
0000000000 65535 f
0000000010 00000 n
0000000034 00000 n
0000002507 00000 n
0000002530 00000 n
0000002703 00000 n
0000002777 00000 n
trailer
<< /ID [ (some) (id) ]
   /Root 6 0 R
   /Size 7
>>
startxref
2836
%%EOF